-500 100 800
-500 100 1000
-500 -100 800
-500 -100 1000
-300 100 800
-300 100 1000
-300 -100 800
-300 -100 1000
0 1
0 2
0 4
3 2
3 1
3 7
6 2
6 7
6 4
5 7
5 1
5 4

500 100 800
500 100 1000
500 -100 800
500 -100 1000
300 100 800
300 100 1000
300 -100 800
300 -100 1000
0 1
0 2
0 4
3 2
3 1
3 7
6 2
6 7
6 4
5 7
5 1
5 4

-500 100 400
-500 100 600
-500 -100 400
-500 -100 600
-300 100 400
-300 100 600
-300 -100 400
-300 -100 600
0 1
0 2
0 4
3 2
3 1
3 7
6 2
6 7
6 4
5 7
5 1
5 4

500 100 400
500 100 600
500 -100 400
500 -100 600
300 100 400
300 100 600
300 -100 400
300 -100 600
0 1
0 2
0 4
3 2
3 1
3 7
6 2
6 7
6 4
5 7
5 1
5 4
