100 400 0
100 400 200
100 200 0
100 200 200
300 400 0
300 400 200
300 200 0
300 200 200
0 1
0 2
0 4
3 2
3 1
3 7
6 2
6 7
6 4
5 7
5 1
5 4

500 400 0
500 400 200
500 200 0
500 200 200
700 400 0
700 400 200
700 200 0
700 200 200
0 1
0 2
0 4
3 2
3 1
3 7
6 2
6 7
6 4
5 7
5 1
5 4

100 400 400
100 400 600
100 200 400
100 200 600
300 400 400
300 400 600
300 200 400
300 200 600
0 1
0 2
0 4
3 2
3 1
3 7
6 2
6 7
6 4
5 7
5 1
5 4

500 400 400
500 400 600
500 200 400
500 200 600
700 400 400
700 400 600
700 200 400
700 200 600
0 1
0 2
0 4
3 2
3 1
3 7
6 2
6 7
6 4
5 7
5 1
5 4
